lastAccountName: SamHarrisonZ
timestamps:
  login: 1604884917137
  lastteleport: 1604885250785
  logout: 1604884786101
ipAddress: 98.225.134.191
lastlocation:
  world: world
  x: -106.1709455192631
  y: 45.74109974559375
  z: -1.432857645989806
  yaw: -86.68326
  pitch: 50.699932
afk: false
logoutlocation:
  world: world
  x: 313.69999998807907
  y: 37.90744446533744
  z: 2.3999797921441406
  yaw: 100.05202
  pitch: 25.0501
