lastAccountName: SamHarrisonZ
timestamps:
  login: 1607236782997
  lastteleport: 1607236896710
  logout: 1607251651807
ipAddress: 98.225.134.191
lastlocation:
  world: world
  x: -84.88784189282981
  y: 67.0
  z: -61.16661510316838
  yaw: 191.92389
  pitch: -5.7012405
afk: false
logoutlocation:
  world: world
  x: 8.471191326015127
  y: 212.0
  z: -1012.9891314328277
  yaw: 72.66089
  pitch: -0.5991917
money: '6000.0'
