lastAccountName: SamHarrisonZ
timestamps:
  login: 1604884917137
  lastteleport: 1604899880676
  logout: 1604899884244
ipAddress: 98.225.134.191
lastlocation:
  world: world
  x: -86.7056029086507
  y: 68.0
  z: -56.47283796514347
  yaw: -146.5471
  pitch: 10.049969
afk: false
logoutlocation:
  world: world
  x: -93.5
  y: 248.0
  z: -7.5
  yaw: -264.14633
  pitch: 1.7998998
