lastAccountName: SamHarrisonZ
timestamps:
  login: 1604713511335
  lastteleport: 1604724234921
ipAddress: 98.225.134.191
lastlocation:
  world: world
  x: -77.90799233615604
  y: 86.18054444567257
  z: -98.72087980899114
  yaw: 192.7534
  pitch: 28.200201
afk: false
