lastAccountName: SamHarrisonZ
timestamps:
  login: 1604971768852
  lastteleport: 1604982071680
  logout: 1604899884244
ipAddress: 98.225.134.191
lastlocation:
  world: world
  x: 437.8560075899973
  y: 102.35098548636209
  z: -154.96951469452196
  yaw: 182.9269
  pitch: 9.052762
afk: false
logoutlocation:
  world: world
  x: -93.5
  y: 248.0
  z: -7.5
  yaw: -264.14633
  pitch: 1.7998998
