lastAccountName: SamHarrisonZ
timestamps:
  login: 1604785424252
  lastteleport: 1604787976661
  logout: 1604733938103
ipAddress: 98.225.134.191
lastlocation:
  world: world
  x: -70.17917767317553
  y: 84.53290590058549
  z: -119.67837605472985
  yaw: 12.750239
  pitch: 60.750046
afk: false
logoutlocation:
  world: world
  x: 292.2054500613672
  y: 103.63082634734323
  z: -1.300000011920897
  yaw: -165.44647
  pitch: 18.750065
