lastAccountName: SamHarrisonZ
timestamps:
  login: 1604884917137
  lastteleport: 1604891408386
  logout: 1604884786101
ipAddress: 98.225.134.191
lastlocation:
  world: world
  x: -97.97108426293482
  y: 8.0
  z: -7.838429933946077
  yaw: 16.51643
  pitch: -9.450119
afk: false
logoutlocation:
  world: world
  x: 313.69999998807907
  y: 37.90744446533744
  z: 2.3999797921441406
  yaw: 100.05202
  pitch: 25.0501
