lastAccountName: SamHarrisonZ
timestamps:
  login: 1604884917137
  lastteleport: 1604892234426
  logout: 1604884786101
ipAddress: 98.225.134.191
lastlocation:
  world: world
  x: 273.0053457956167
  y: 77.51088006628522
  z: -2.766349828592756
  yaw: 317.2475
  pitch: 4.199846
afk: false
logoutlocation:
  world: world
  x: 313.69999998807907
  y: 37.90744446533744
  z: 2.3999797921441406
  yaw: 100.05202
  pitch: 25.0501
