lastAccountName: SamHarrisonZ
timestamps:
  login: 1606070354834
  lastteleport: 1606077081633
  logout: 1606023036471
ipAddress: 98.225.134.191
lastlocation:
  world: world
  x: -65.5
  y: 73.5625
  z: -48.5
  yaw: -177.45004
  pitch: 13.799998
afk: false
logoutlocation:
  world: world
  x: -87.18934808417053
  y: 172.0
  z: -767.3213934305173
  yaw: 92.93852
  pitch: -3.2991986
