lastAccountName: THREELEGEDDOG11
timestamps:
  login: 1604798934918
  logout: 1604800402046
  lastteleport: 1604800120461
ipAddress: 24.154.31.148
lastlocation:
  world: world
  x: 244.8937295430204
  y: 82.0
  z: 125.75724882156057
  yaw: 231.75208
  pitch: 43.350273
logoutlocation:
  world: world
  x: -29.496079544780844
  y: 91.0
  z: -189.85012831025017
  yaw: -339.9275
  pitch: 25.799381
