lastAccountName: THREELEGEDDOG11
timestamps:
  login: 1606512621347
  logout: 1606514628652
  lastteleport: 1606514416491
ipAddress: 24.154.31.148
lastlocation:
  world: world
  x: 21.69999998807907
  y: 212.0
  z: -951.5882337282685
  yaw: -225.5214
  pitch: 35.850025
logoutlocation:
  world: world
  x: -67.17786295791282
  y: 84.0
  z: -139.82394263447378
  yaw: 108.75045
  pitch: 18.149982
money: '500.0'
