lastAccountName: THREELEGEDDOG11
timestamps:
  login: 1599691424958
  logout: 1599692242974
ipAddress: 24.154.31.148
lastlocation:
  world: world
  x: -76.69999998807907
  y: 67.20000004768372
  z: -118.83460439122955
  yaw: 209.24883
  pitch: 15.90042
logoutlocation:
  world: world
  x: -70.5
  y: 82.0
  z: -144.5
  yaw: 72.15016
  pitch: 28.199965
