lastAccountName: xClayton_Bigsbyx
timestamps:
  login: 1605994430753
  logout: 1605996562713
ipAddress: 98.239.173.61
lastlocation:
  world: world
  x: -73.19344080397151
  y: 84.0
  z: -147.1934408039715
  yaw: 209.36987
  pitch: 63.899746
logoutlocation:
  world: world
  x: -80.5
  y: 85.0
  z: -135.5
  yaw: 48.450012
  pitch: 14.250003
