lastAccountName: xClayton_Bigsbyx
timestamps:
  login: 1607041873847
  logout: 1607044541304
  lastteleport: 1607043732780
ipAddress: 98.239.173.61
lastlocation:
  world: world
  x: -71.0
  y: 84.0
  z: -146.0
  yaw: -353.9211
  pitch: 0.0
logoutlocation:
  world: world
  x: -88.12710348678763
  y: 84.0
  z: -128.22476804401643
  yaw: -279.59988
  pitch: 15.599999
money: '1000.0'
