lastAccountName: mickdee
timestamps:
  login: 1606529232247
  lastteleport: 1606534407019
  logout: 1606544399007
ipAddress: 98.237.57.174
lastlocation:
  world: world
  x: -31.5
  y: 183.0625
  z: -769.5
  yaw: -355.5705
  pitch: 0.0
money: '1500.0'
logoutlocation:
  world: world
  x: -32.88217564156334
  y: 206.0512024740022
  z: -817.4631367906593
  yaw: -178.35016
  pitch: -24.45001
