lastAccountName: Gogetenks8
timestamps:
  login: 1606509384747
  lastteleport: 1606514426259
  logout: 1606514606803
ipAddress: 141.195.4.17
lastlocation:
  world: world
  x: -71.0
  y: 84.0
  z: -146.0
  yaw: 161.02899
  pitch: 0.0
afk: false
logoutlocation:
  world: world
  x: -72.16339596658254
  y: 84.0
  z: -138.9670391284169
  yaw: -147.60019
  pitch: 21.299984
money: '500.0'
