lastAccountName: SkimShady
timestamps:
  login: 1604973183597
  lastteleport: 1604981449206
  logout: 1604965006753
ipAddress: 100.6.166.24
lastlocation:
  world: world
  x: 481.0635066659217
  y: 79.0
  z: -281.68383527249495
  yaw: 239.26837
  pitch: 18.720158
afk: false
logoutlocation:
  world: world
  x: 439.7210450574013
  y: 75.0
  z: -112.37005166905462
  yaw: 115.64995
  pitch: 86.63907
