lastAccountName: SkimShady
timestamps:
  login: 1606538171697
  lastteleport: 1606538234897
  logout: 1606538360507
ipAddress: 100.6.157.224
lastlocation:
  world: world
  x: -160.7493842079249
  y: 121.24831162961046
  z: -119.41080342043615
  yaw: 78.4861
  pitch: 12.072809
afk: false
logoutlocation:
  world: world
  x: -43.80585374456727
  y: 181.48868226722882
  z: -887.3975490568035
  yaw: 75.13904
  pitch: -5.7488484
