lastAccountName: SkimShady
timestamps:
  login: 1604885490493
  lastteleport: 1604888804891
  logout: 1604888875646
ipAddress: 100.6.166.24
lastlocation:
  world: world
  x: -20.41577309185295
  y: 113.34734455317454
  z: 39.06758497320905
  yaw: 112.11743
  pitch: 14.424095
afk: false
logoutlocation:
  world: world
  x: 392.5968562454534
  y: 110.10105071102065
  z: -128.24620769361525
  yaw: 224.08743
  pitch: 19.663998
