lastAccountName: SkimShady
timestamps:
  login: 1604895043639
  lastteleport: 1604895655258
  logout: 1604888875646
ipAddress: 100.6.166.24
lastlocation:
  world: world
  x: -59.22686551114741
  y: 93.98828391634338
  z: -111.53221362915804
  yaw: 163.56583
  pitch: 19.715645
afk: false
logoutlocation:
  world: world
  x: 392.5968562454534
  y: 110.10105071102065
  z: -128.24620769361525
  yaw: 224.08743
  pitch: 19.663998
