lastAccountName: SkimShady
timestamps:
  login: 1605157967228
  lastteleport: 1605158226962
  logout: 1605158584182
ipAddress: 100.6.166.24
lastlocation:
  world: world
  x: 485.0846761480817
  y: 82.6250174784229
  z: -295.53356464132753
  yaw: 356.1908
  pitch: 12.838402
afk: false
logoutlocation:
  world: world
  x: -37.26755503084527
  y: 67.69562978057208
  z: -166.50198290790027
  yaw: 3.8451538
  pitch: 45.26212
