lastAccountName: SkimShady
timestamps:
  login: 1607041647997
  lastteleport: 1607043198014
  logout: 1607043417310
ipAddress: 100.6.157.224
lastlocation:
  world: world
  x: -76.78867772269247
  y: 88.5910482682036
  z: -102.80946869323847
  yaw: 269.97812
  pitch: 24.552197
afk: false
logoutlocation:
  world: world
  x: -15.962583861997082
  y: 185.0
  z: -853.7246287769092
  yaw: -196.76886
  pitch: 37.771244
money: '500.0'
