lastAccountName: SkimShady
timestamps:
  login: 1604896942988
  lastteleport: 1604895984906
  logout: 1604898134245
ipAddress: 100.6.166.24
lastlocation:
  world: world
  x: -101.04151109663802
  y: 8.0
  z: -6.4342866247519215
  yaw: 30.637543
  pitch: -12.295341
afk: false
logoutlocation:
  world: world
  x: 438.8114369959678
  y: 75.0
  z: -113.9639529033352
  yaw: 141.7959
  pitch: -22.311455
