lastAccountName: SkimShady
timestamps:
  login: 1604885490493
  lastteleport: 1604885572951
  logout: 1604885433895
ipAddress: 100.6.166.24
lastlocation:
  world: world
  x: 370.31909440675855
  y: 128.74155209024238
  z: 87.09654385197746
  yaw: 73.3811
  pitch: 29.50312
afk: false
logoutlocation:
  world: world
  x: 399.4444248327818
  y: 81.87788763256657
  z: -96.67388483255448
  yaw: -3.640503
  pitch: 31.603666
