lastAccountName: Gingey000
timestamps:
  login: 1606001456770
  lastteleport: 1605994369874
  logout: 1606001750749
ipAddress: 98.225.134.191
lastlocation:
  world: world
  x: -3383.4565071081934
  y: 83.28083959950003
  z: -514.8336642684417
  yaw: -296.62903
  pitch: 38.249825
homes:
  home:
    world: world
    x: -3389.1404240006696
    y: 70.0
    z: -511.67460768765784
    yaw: 300.54208
    pitch: 38.24947
