lastAccountName: antster
timestamps:
  login: 1604897428938
  logout: 1604897568399
ipAddress: 173.0.77.8
logoutlocation:
  world: world
  x: -67.67233208224783
  y: 82.5
  z: -148.12228260528514
  yaw: 191.37552
  pitch: 16.949835
