lastAccountName: MattGoesHAM
timestamps:
  login: 1606545095497
  logout: 1606546518307
  lastteleport: 1606544989357
ipAddress: 67.253.232.63
logoutlocation:
  world: world
  x: -11.612725699226935
  y: 203.0
  z: -816.9567784491844
  yaw: -2.683848E-4
  pitch: -2.1000414
afk: false
lastlocation:
  world: world
  x: 42.76825203896585
  y: 210.53292827534486
  z: -800.3401929806926
  yaw: 201.2984
  pitch: 38.40005
money: '3500.0'
