lastAccountName: MattGoesHAM
timestamps:
  login: 1604893249503
  logout: 1604893206143
  lastteleport: 1604895801495
ipAddress: 67.253.232.63
logoutlocation:
  world: world
  x: -94.18150097462097
  y: 144.80301216318503
  z: -16.169837272498654
  yaw: -351.42966
  pitch: 28.199907
afk: false
lastlocation:
  world: world
  x: -81.31905168750032
  y: 84.77019572663664
  z: -133.29021787450873
  yaw: -71.40002
  pitch: 4.9500036
