lastAccountName: MattGoesHAM
timestamps:
  login: 1604893249503
  logout: 1604899859644
  lastteleport: 1604898909331
ipAddress: 67.253.232.63
logoutlocation:
  world: world
  x: 274.16019091263547
  y: 53.200000047683716
  z: -13.252918882538133
  yaw: 170.2555
  pitch: 58.050056
afk: false
lastlocation:
  world: world
  x: 298.24239392727367
  y: 35.0
  z: -26.17606469776497
  yaw: -357.7498
  pitch: 33.450058
