lastAccountName: MattGoesHAM
timestamps:
  login: 1604875182177
  logout: 1604884786103
  lastteleport: 1604879438585
ipAddress: 67.253.232.63
logoutlocation:
  world: world
  x: -77.18762872556526
  y: 83.91952264467591
  z: -132.58794634834456
  yaw: -106.95587
  pitch: -6.8746824
afk: true
lastlocation:
  world: world
  x: -46.537906098988714
  y: 83.20000004768372
  z: -170.8735185668276
  yaw: -351.4504
  pitch: 35.699993
