lastAccountName: MattGoesHAM
timestamps:
  login: 1604786171204
  logout: 1604788098561
  lastteleport: 1604787859677
ipAddress: 67.253.232.63
logoutlocation:
  world: world
  x: -64.53512834739398
  y: 88.66083377552334
  z: -131.03057101941002
  yaw: 270.30273
  pitch: -11.700017
afk: false
lastlocation:
  world: world
  x: 298.7320993486563
  y: 33.0
  z: 2.490465345453146
  yaw: 269.69934
  pitch: 19.34991
