lastAccountName: MattGoesHAM
timestamps:
  login: 1604717043745
  logout: 1604716860710
  lastteleport: 1604728172761
ipAddress: 67.253.232.63
logoutlocation:
  world: world
  x: -69.6321676003635
  y: 82.0
  z: -139.90022141944036
  yaw: -117.44104
  pitch: 61.79991
afk: false
lastlocation:
  world: world
  x: 309.9412146043079
  y: 41.62927044301616
  z: 10.597879402447683
  yaw: -119.405396
  pitch: -15.300116
