lastAccountName: MattGoesHAM
timestamps:
  login: 1604886183588
  logout: 1604884786103
  lastteleport: 1604891370812
ipAddress: 67.253.232.63
logoutlocation:
  world: world
  x: -77.18762872556526
  y: 83.91952264467591
  z: -132.58794634834456
  yaw: -106.95587
  pitch: -6.8746824
afk: false
lastlocation:
  world: world
  x: -98.64597937413622
  y: 8.0
  z: -7.42079953396842
  yaw: 134.72108
  pitch: 18.59992
