lastAccountName: MattGoesHAM
timestamps:
  login: 1604717043745
  logout: 1604732439551
  lastteleport: 1604728172761
ipAddress: 67.253.232.63
logoutlocation:
  world: world
  x: 272.69999998807907
  y: 32.0
  z: 29.69999998807907
  yaw: -137.09058
  pitch: 42.900085
afk: false
lastlocation:
  world: world
  x: 309.9412146043079
  y: 41.62927044301616
  z: 10.597879402447683
  yaw: -119.405396
  pitch: -15.300116
