lastAccountName: MattGoesHAM
timestamps:
  login: 1604974672547
  logout: 1604982094954
  lastteleport: 1604982017576
ipAddress: 67.253.232.63
logoutlocation:
  world: world
  x: 432.31735195743175
  y: 110.8443787780149
  z: -226.54496163000687
  yaw: -141.20325
  pitch: 25.499935
afk: false
lastlocation:
  world: world
  x: 302.2994448713229
  y: 32.0
  z: -14.836227151071396
  yaw: 185.54965
  pitch: 41.850113
