lastAccountName: MattGoesHAM
timestamps:
  login: 1607118972397
  logout: 1607129717005
  lastteleport: 1607122177005
ipAddress: 67.253.232.63
logoutlocation:
  world: world
  x: -98.13777311441228
  y: 74.78653232761594
  z: -137.25070263965506
  yaw: 17.237448
  pitch: 36.749367
afk: false
lastlocation:
  world: world
  x: -110.30000001192093
  y: 69.75339507484203
  z: -111.69999998807907
  yaw: -90.02246
  pitch: 41.399437
money: '7500.0'
