lastAccountName: MattGoesHAM
timestamps:
  login: 1606070805549
  logout: 1606018961075
  lastteleport: 1606077159326
ipAddress: 67.253.232.63
logoutlocation:
  world: world
  x: -35.74130084080578
  y: 222.5545843538442
  z: -997.0571248279339
  yaw: -40.20923
  pitch: 9.149077
afk: false
lastlocation:
  world: world
  x: -121.23330254411218
  y: 194.0
  z: -733.7209954139227
  yaw: -245.76404
  pitch: 85.95
