lastAccountName: andybertz
timestamps:
  login: 1606617636097
  lastteleport: 1606617835469
ipAddress: 98.114.69.185
lastlocation:
  world: world
  x: -77.02594763439193
  y: 84.0
  z: -132.4902327916224
  yaw: 14.252136
  pitch: 27.000044
