world: world
x: -12.746775241687315
y: 203.0
z: -782.2623627931061
yaw: 179.99597
pitch: -0.90020007
name: arena
lastowner: 20e6092f-fcf2-43b2-889e-cea009a08f57
