world: world
x: -12.447282686306906
y: 203.0
z: -782.5653198303525
yaw: -180.66437
pitch: 1.5010791
name: arena
lastowner: 20e6092f-fcf2-43b2-889e-cea009a08f57
