world: world
x: 440.496567125389
y: 106.0
z: -191.98067535073432
yaw: 101.9486
pitch: 37.53054
name: base1
lastowner: 9677d5e0-c1e3-46ea-b498-cd7e67e62a24
