world: world
x: -3428.790923102039
y: 67.0
z: -648.4645403036192
yaw: -54.001297
pitch: -5.215034E-4
name: iceberg
lastowner: 20e6092f-fcf2-43b2-889e-cea009a08f57
