world: world_nether
x: -6.529343760858872
y: 59.0
z: -25.32137125472472
yaw: -83.700745
pitch: -4.050032
name: nether_base
lastowner: 20e6092f-fcf2-43b2-889e-cea009a08f57
