world: world
x: -128.3672169245958
y: 161.0
z: -77.50629852054311
yaw: -90.73251
pitch: -4.5000596
name: observatory
lastowner: d8ad3fe0-e950-46fd-9505-1dc14f167c0d
