world: world
x: -32.53307633089986
y: 69.0625
z: -150.0657281999798
yaw: -89.699684
pitch: 3.600041
name: portal_hub
lastowner: 20e6092f-fcf2-43b2-889e-cea009a08f57
