world: world
x: -3393.215399467147
y: 70.0
z: -531.5305174892912
yaw: 1.9492102
pitch: 3.4494905
name: Potion_Seller
lastowner: 20e6092f-fcf2-43b2-889e-cea009a08f57
