world: world
x: 428.25001469207905
y: 93.0
z: -160.96785821901742
yaw: 131.77704
pitch: 9.802762
name: skimshady
lastowner: 9677d5e0-c1e3-46ea-b498-cd7e67e62a24
