world: world
x: -100.81383113122578
y: 172.0
z: -766.5883848595046
yaw: 272.03708
pitch: 8.100481
name: skylands
lastowner: 20e6092f-fcf2-43b2-889e-cea009a08f57
