world: world
x: -70.51734516285116
y: 84.0
z: -152.35353360749616
yaw: -0.29968262
pitch: 2.5500183
name: spawn
lastowner: 20e6092f-fcf2-43b2-889e-cea009a08f57
