world: world
x: -3572218.050867903
y: 71.0
z: 2.6426139027497068E7
yaw: 137.71204
pitch: -0.8999262
name: village_1
lastowner: d8ad3fe0-e950-46fd-9505-1dc14f167c0d
