world: world
x: 287.6895536224487
y: 33.0
z: 2.488064363514095
yaw: -90.30064
pitch: 5.099917
name: wet_city
lastowner: d8ad3fe0-e950-46fd-9505-1dc14f167c0d
