world: world
x: -104.12930759307903
y: 8.0
z: -7.458058860670659
yaw: 268.80334
pitch: 6.750004
name: world_tower_bot
lastowner: d8ad3fe0-e950-46fd-9505-1dc14f167c0d
