world: world
x: -93.30435836459772
y: 248.0
z: -7.4474343349395635
yaw: -270.89642
pitch: 1.9499
name: world_tower_top
lastowner: d8ad3fe0-e950-46fd-9505-1dc14f167c0d
