world: world
x: -103.69999998807907
y: 83.0
z: -7.4134531093485485
yaw: 268.8036
pitch: 16.349943
name: world_tower_mid
lastowner: d8ad3fe0-e950-46fd-9505-1dc14f167c0d
