arenas:
  hg_skyland:
    bound:
      world: world
      x: 126
      y: 61
      z: -849
      x2: -116
      y2: 255
      z2: -1084
    info:
      cost: 0
      timer: 600
      min-players: 2
      max-players: 8
    commands:
    - none
    spawns:
    - world:7:212:-944:-178.42072:16.949903
    - world:30:212:-967:-270.0705:14.399898
    - world:7:212:-990:-359.47125:8.24995
    - world:-16:212:-967:-89.17078:1.1999811
    - world:-10:212:-949:-136.72241:1.7999611
    - world:26:212:-983:-309.97156:-0.7500327
    - world:21:212:-952:-223.27148:1.8000215
    - world:-8:212:-981:-47.921265:7.350023
    lobbysign: world:-17:185:-855
